ASPNET_VERSION=10.0.0-preview.6.25358.103
DOTNET_VERSION=10.0.0-preview.6.25358.103
ENABLE_COPR=1
